   4.2361340e-05
   8.4773394e-05
   1.6458747e-02
   2.1987558e-02
   2.7570457e-02
   3.3212901e-02
   3.6225148e-05
   9.7145532e-06
   5.1776536e-02
   5.9074932e-02
   6.7375533e-02
   7.7227467e-02
   8.9360784e-02
   1.0506939e-01
   1.2659527e-01
   1.5824142e-01
   2.0929919e-01
   3.0234432e-01
   5.0000719e-01
   1.1002000e-02
   2.1910010e-02
   3.2891901e-02
   4.3891857e-02
   5.4978245e-02
   6.6246617e-02
   7.7803787e-02
   8.9909145e-02
   1.0285855e-01
   1.1709600e-01
   1.3322381e-01
   1.5212710e-01
   1.7512855e-01
   2.0430131e-01
   2.4301502e-01
   2.9703425e-01
   3.7658874e-01
   5.0000169e-01
   6.9769390e-01
   1.6458747e-02
   3.2891901e-02
   4.9280560e-02
   6.5719412e-02
   8.2222367e-02
   9.8948323e-02
   1.1603557e-01
   1.3380535e-01
   1.5271003e-01
   1.7326879e-01
   1.9633739e-01
   2.2295259e-01
   2.5474608e-01
   2.9399281e-01
   3.4412783e-01
   4.1029429e-01
   5.0000195e-01
   6.2343052e-01
   7.9071886e-01
   2.1987558e-02
   4.3891857e-02
   6.5719412e-02
   8.7485390e-02
   1.0930438e-01
   1.3125945e-01
   1.5357419e-01
   1.7661131e-01
   2.0086626e-01
  -5.6280720e-06
  -2.4301328e-05
   2.8863190e-01
   3.2689666e-01
   3.7280378e-01
   4.2924454e-01
   5.0001036e-01
   5.8973072e-01
   7.0299695e-01
   8.4179053e-01
   2.7570457e-02
   5.4978245e-02
   8.2222367e-02
   1.0930438e-01
   1.3624318e-01
   1.6318882e-01
   1.9034958e-01
   2.1816037e-01
   2.4710945e-01
   2.7790099e-01
   3.1141416e-01
   3.4875176e-01
   3.9137329e-01
   4.4106050e-01
   5.0003395e-01
   5.7080520e-01
   6.5590298e-01
   7.5702105e-01
   8.7345392e-01
   3.3212901e-02
   6.6246617e-02
   9.8948323e-02
   1.3125945e-01
   1.6318882e-01
   1.9484491e-01
   2.2651837e-01
   2.5856697e-01
   2.9154994e-01
   3.2612855e-01
   3.6313526e-01
   4.0359915e-01
   4.4875229e-01
   5.0001623e-01
   5.5900182e-01
   6.2725312e-01
   7.0605258e-01
   7.9573301e-01
   8.9495111e-01
   3.9067384e-02
   7.7803787e-02
   1.1603557e-01
   1.5357419e-01
   1.9034958e-01
   2.2651837e-01
   2.6229610e-01
   2.9809293e-01
   3.3443604e-01
   3.7194769e-01
   4.1141862e-01
   4.5375453e-01
   4.9999408e-01
   5.5125477e-01
   6.0863994e-01
   6.7312950e-01
   7.4526185e-01
   8.2486572e-01
   9.1065012e-01
   4.5189565e-02
   8.9909145e-02
   1.3380535e-01
   1.7661131e-01
   2.1816037e-01
   2.5856697e-01
   2.9809293e-01
   3.3711708e-01
   3.7616213e-01
   4.1581967e-01
   4.5682868e-01
   5.0000496e-01
   5.4622206e-01
   5.9635840e-01
   6.5120995e-01
   7.1134768e-01
   7.7699880e-01
   8.4782638e-01
   9.2275813e-01
   5.1776536e-02
   1.0285855e-01
   1.5271003e-01
   2.0086626e-01
   2.4710945e-01
   2.9154994e-01
   3.3443604e-01
   3.7616213e-01
   4.1727100e-01
   4.5832313e-01
   5.0007435e-01
   5.4322734e-01
   5.8856417e-01
   6.3679843e-01
   6.8850384e-01
   7.4409207e-01
   8.0359632e-01
   8.6669766e-01
   9.3257881e-01
   5.9074932e-02
   1.1709600e-01
   1.7326879e-01
   2.2698867e-01
   2.7790099e-01
   3.2612855e-01
   3.7194769e-01
   4.1581967e-01
   4.5832313e-01
   5.0008403e-01
   5.4182891e-01
   5.8424672e-01
   6.2803246e-01
   6.7379418e-01
   7.2199659e-01
   7.7293705e-01
   8.2662576e-01
   8.8281242e-01
   9.4089298e-01
   6.7375533e-02
   1.3322381e-01
   1.9633739e-01
   2.5585570e-01
   3.1141416e-01
   3.6313526e-01
   4.1141862e-01
   4.5682868e-01
   5.0007435e-01
   5.4182891e-01
   5.8287770e-01
   6.2389389e-01
   6.6554676e-01
   7.0838375e-01
   7.5280855e-01
   7.9908151e-01
   8.4722368e-01
   8.9706292e-01
   9.4817781e-01
   7.7227467e-02
   1.5212710e-01
   2.2295259e-01
   2.8863190e-01
   3.4875176e-01
   4.0359915e-01
   4.5375453e-01
   5.0000496e-01
   5.4322734e-01
   5.8424672e-01
   6.2389389e-01
   6.6289283e-01
   7.0188366e-01
   7.4139058e-01
   7.8180134e-01
   8.2336827e-01
   8.6614604e-01
   9.1004433e-01
   9.5479603e-01
   8.9360784e-02
   1.7512855e-01
   2.5474608e-01
   3.2689666e-01
   3.9137329e-01
   4.4875229e-01
   4.9999408e-01
   5.4622206e-01
   5.8856417e-01
   6.2803246e-01
   6.6554676e-01
   7.0188366e-01
   7.3769206e-01
   7.7348869e-01
   8.0966365e-01
   8.4645197e-01
   8.8397236e-01
   9.2219048e-01
   9.6094352e-01
   1.0506939e-01
   2.0430131e-01
   2.9399281e-01
   3.7280378e-01
   4.4106050e-01
   5.0001623e-01
   5.5125477e-01
   5.9635840e-01
   6.3679843e-01
   6.7379418e-01
   7.0838375e-01
   7.4139058e-01
   7.7348869e-01
   8.0518756e-01
   8.3687350e-01
   8.6879745e-01
   9.0109707e-01
   9.3378770e-01
   9.6680760e-01
   1.2659527e-01
   2.4301502e-01
   3.4412783e-01
   4.2924454e-01
   5.0003395e-01
   5.5900182e-01
   6.0863994e-01
   6.5120995e-01
   6.8850384e-01
   7.2199659e-01
   7.5280855e-01
   7.8180134e-01
   8.0966365e-01
   8.3687350e-01
   8.6382472e-01
   8.9074536e-01
   9.1780845e-01
   9.4505783e-01
   9.7247874e-01
   1.5824142e-01
   2.9703425e-01
   4.1029429e-01
   5.0001036e-01
   5.7080520e-01
   6.2725312e-01
   6.7312950e-01
   7.1134768e-01
   7.4409207e-01
   7.7293705e-01
   7.9908151e-01
   8.2336827e-01
   8.4645197e-01
   8.6879745e-01
   8.9074536e-01
   9.1253533e-01
   9.3430560e-01
   9.5613934e-01
   9.7804439e-01
   2.0929919e-01
   3.7658874e-01
   5.0000195e-01
   5.8973072e-01
   6.5590298e-01
   7.0605258e-01
   7.4526185e-01
   7.7699880e-01
   8.0359632e-01
   8.2662576e-01
   8.4722368e-01
   8.6614604e-01
   8.8397236e-01
   9.0109707e-01
   9.1780845e-01
   9.3430560e-01
   9.5072335e-01
   9.6712736e-01
   9.8355929e-01
   3.0234432e-01
   5.0000169e-01
   6.2343052e-01
   7.0299695e-01
   7.5702105e-01
   7.9573301e-01
   8.2486572e-01
   8.4782638e-01
   8.6669766e-01
   8.8281242e-01
   8.9706292e-01
   9.1004433e-01
   9.2219048e-01
   9.3378770e-01
   9.4505783e-01
   9.5613934e-01
   9.6712736e-01
   9.7809337e-01
   9.8903621e-01
   5.0000719e-01
   6.9769390e-01
   7.9071886e-01
   8.4179053e-01
   8.7345392e-01
   8.9495111e-01
   9.1065012e-01
   9.2275813e-01
   9.3257881e-01
   9.4089298e-01
   9.4817781e-01
   9.5479603e-01
   9.6094352e-01
   9.6680760e-01
   9.7247874e-01
   9.7804439e-01
   9.8355929e-01
   9.8903621e-01
   9.9452794e-01
