   5.4881271e-03
   1.0976255e-02
   1.6469400e-02
   2.1982616e-02
   2.7546109e-02
   3.3210778e-02
   3.9054793e-02
   4.5192355e-02
   5.1786586e-02
   5.9069922e-02
   6.7378293e-02
   7.7211280e-02
   8.9343858e-02
   1.0504767e-01
   1.2656434e-01
   1.5821443e-01
   2.0927674e-01
   3.0231919e-01
   5.0000000e-01
   1.0976255e-02
   2.1947492e-02
   3.2918732e-02
   4.3914956e-02
   5.4991046e-02
   6.6242213e-02
   7.7816038e-02
   8.9928044e-02
   1.0288407e-01
   1.1711481e-01
   1.3323197e-01
   1.5212297e-01
   1.7511648e-01
   2.0428249e-01
   2.4299525e-01
   2.9701664e-01
   3.7657335e-01
   5.0000000e-01
   6.9768082e-01
   1.6469400e-02
   3.2918732e-02
   4.9343082e-02
   6.5767434e-02
   8.2260908e-02
   9.8950995e-02
   1.1603910e-01
   1.3381972e-01
   1.5270683e-01
   1.7327327e-01
   1.9631181e-01
   2.2293214e-01
   2.5471660e-01
   2.9397055e-01
   3.4411753e-01
   4.1028354e-01
   5.0000000e-01
   6.2342665e-01
   7.9072326e-01
   2.1982616e-02
   4.3914956e-02
   6.5767434e-02
   8.7550796e-02
   1.0933416e-01
   1.3126176e-01
   1.5356967e-01
   1.7660490e-01
   2.0085026e-01
   2.2695963e-01
   2.5580987e-01
   2.8857718e-01
   3.2684721e-01
   3.7276558e-01
   4.2922078e-01
   5.0000000e-01
   5.8971646e-01
   7.0298336e-01
   8.4178557e-01
   2.7546109e-02
   5.4991046e-02
   8.2260908e-02
   1.0933416e-01
   1.3626319e-01
   1.6319222e-01
   1.9037291e-01
   2.1817995e-01
   2.4712967e-01
   2.7790512e-01
   3.1139084e-01
   3.4871950e-01
   3.9132949e-01
   4.4102377e-01
   5.0000000e-01
   5.7077922e-01
   6.5588247e-01
   7.5700475e-01
   8.7343566e-01
   3.3210778e-02
   6.6242213e-02
   9.8950995e-02
   1.3126176e-01
   1.6319222e-01
   1.9487102e-01
   2.2654982e-01
   2.5861233e-01
   2.9158335e-01
   3.2614035e-01
   3.6312887e-01
   4.0358049e-01
   4.4872749e-01
   5.0000000e-01
   5.5897623e-01
   6.2723442e-01
   7.0602945e-01
   7.9571751e-01
   8.9495233e-01
   3.9054793e-02
   7.7816038e-02
   1.1603910e-01
   1.5356967e-01
   1.9037291e-01
   2.2654982e-01
   2.6234301e-01
   2.9813620e-01
   3.3445105e-01
   3.7194406e-01
   4.1140380e-01
   4.5374607e-01
   5.0000000e-01
   5.5127250e-01
   6.0867050e-01
   6.7315278e-01
   7.4528340e-01
   8.2488352e-01
   9.1065614e-01
   4.5192355e-02
   8.9928044e-02
   1.3381972e-01
   1.7660490e-01
   2.1817995e-01
   2.5861233e-01
   2.9813620e-01
   3.3713840e-01
   3.7614060e-01
   4.1578103e-01
   4.5679621e-01
   5.0000000e-01
   5.4625392e-01
   5.9641951e-01
   6.5128049e-01
   7.1142281e-01
   7.7706785e-01
   8.4787702e-01
   9.2278872e-01
   5.1786586e-02
   1.0288407e-01
   1.5270683e-01
   2.0085026e-01
   2.4712967e-01
   2.9158335e-01
   3.3445105e-01
   3.7614060e-01
   4.1719192e-01
   4.5824324e-01
   5.0000000e-01
   5.4320379e-01
   5.8859619e-01
   6.3687112e-01
   6.8860915e-01
   7.4419012e-01
   8.0368818e-01
   8.6676802e-01
   9.3262170e-01
   5.9069922e-02
   1.1711481e-01
   1.7327327e-01
   2.2695963e-01
   2.7790512e-01
   3.2614035e-01
   3.7194406e-01
   4.1578103e-01
   4.5824324e-01
   5.0000000e-01
   5.4175677e-01
   5.8421897e-01
   6.2805594e-01
   6.7385964e-01
   7.2209486e-01
   7.7304036e-01
   8.2672672e-01
   8.8288518e-01
   9.4093007e-01
   6.7378293e-02
   1.3323197e-01
   1.9631181e-01
   2.5580987e-01
   3.1139084e-01
   3.6312887e-01
   4.1140380e-01
   4.5679621e-01
   5.0000000e-01
   5.4175677e-01
   5.8280808e-01
   6.2385940e-01
   6.6554894e-01
   7.0841664e-01
   7.5287032e-01
   7.9914973e-01
   8.4729316e-01
   8.9711592e-01
   9.4821341e-01
   7.7211280e-02
   1.5212297e-01
   2.2293214e-01
   2.8857718e-01
   3.4871950e-01
   4.0358049e-01
   4.5374607e-01
   5.0000000e-01
   5.4320379e-01
   5.8421897e-01
   6.2385940e-01
   6.6286160e-01
   7.0186380e-01
   7.4138766e-01
   7.8182004e-01
   8.2339509e-01
   8.6618027e-01
   9.1007195e-01
   9.5480764e-01
   8.9343858e-02
   1.7511648e-01
   2.5471660e-01
   3.2684721e-01
   3.9132949e-01
   4.4872749e-01
   5.0000000e-01
   5.4625392e-01
   5.8859619e-01
   6.2805594e-01
   6.6554894e-01
   7.0186380e-01
   7.3765699e-01
   7.7345018e-01
   8.0962708e-01
   8.4643032e-01
   8.8396089e-01
   9.2218396e-01
   9.6094520e-01
   1.0504767e-01
   2.0428249e-01
   2.9397055e-01
   3.7276558e-01
   4.4102377e-01
   5.0000000e-01
   5.5127250e-01
   5.9641951e-01
   6.3687112e-01
   6.7385964e-01
   7.0841664e-01
   7.4138766e-01
   7.7345018e-01
   8.0512898e-01
   8.3680777e-01
   8.6873823e-01
   9.0104900e-01
   9.3375778e-01
   9.6678922e-01
   1.2656434e-01
   2.4299525e-01
   3.4411753e-01
   4.2922078e-01
   5.0000000e-01
   5.5897623e-01
   6.0867050e-01
   6.5128049e-01
   6.8860915e-01
   7.2209486e-01
   7.5287032e-01
   7.8182004e-01
   8.0962708e-01
   8.3680777e-01
   8.6373681e-01
   8.9066583e-01
   9.1773909e-01
   9.4500895e-01
   9.7245389e-01
   1.5821443e-01
   2.9701664e-01
   4.1028354e-01
   5.0000000e-01
   5.7077922e-01
   6.2723442e-01
   6.7315278e-01
   7.1142281e-01
   7.4419012e-01
   7.7304036e-01
   7.9914973e-01
   8.2339509e-01
   8.4643032e-01
   8.6873823e-01
   8.9066583e-01
   9.1244920e-01
   9.3423257e-01
   9.5608504e-01
   9.7801738e-01
   2.0927674e-01
   3.7657335e-01
   5.0000000e-01
   5.8971646e-01
   6.5588247e-01
   7.0602945e-01
   7.4528340e-01
   7.7706785e-01
   8.0368818e-01
   8.2672672e-01
   8.4729316e-01
   8.6618027e-01
   8.8396089e-01
   9.0104900e-01
   9.1773909e-01
   9.3423257e-01
   9.5065692e-01
   9.6708127e-01
   9.8353060e-01
   3.0231919e-01
   5.0000000e-01
   6.2342665e-01
   7.0298336e-01
   7.5700475e-01
   7.9571751e-01
   8.2488352e-01
   8.4787702e-01
   8.6676802e-01
   8.8288518e-01
   8.9711592e-01
   9.1007195e-01
   9.2218396e-01
   9.3375778e-01
   9.4500895e-01
   9.5608504e-01
   9.6708127e-01
   9.7805251e-01
   9.8902375e-01
   5.0000000e-01
   6.9768082e-01
   7.9072326e-01
   8.4178557e-01
   8.7343566e-01
   8.9495233e-01
   9.1065614e-01
   9.2278872e-01
   9.3262170e-01
   9.4093007e-01
   9.4821341e-01
   9.5480764e-01
   9.6094520e-01
   9.6678922e-01
   9.7245389e-01
   9.7801738e-01
   9.8353060e-01
   9.8902375e-01
   9.9451187e-01
